2229
2280
2320
2675
2877
3086
3137
3210
3353
3357
3431
3438
3459
3509
3576
3595
4174
4253
4417
4506
4852
4855
4879
4941
4993
5024
5030
5169
5206
5221
5224
5239
5375
5397
5407
5414
5495
5544
5620
5810
6123
6124
6215
6271
6297
6457
6762
6771
6173
6157
6599
4749
4397
4505
4277
5083
6387
6781
4192
6103
4439
4301
3110
6641
5017
3100
6090
6423
3338
4328
4517
4468
4939
6302
4300
6403
4218
3268
2230
6276
6210
4381
6115
3325
6298
3420
6359
4496
4386
4411
4376
6147
4289
4726
6589
2231
6727
4265
5113
3284
5232
6761
3050
3416
4889
5530
4896
3147
2287
4848
3052
6301
3425
4877
3585
5210
5034
4849
5231
3277
6229
5228
3404
4988
5054
3426
3087
3289
2285
2276
5241
4854
4302
5146
2271
5262
4842
2268
4959
5110
5025
3417
3582
2283
2264
5378
3232
3288
1901
2208
1834
4457
3407
2907
2109
6023
3883
4551
4030
2194
3490
2204
5422
5447
3084
3496
2597
4060
2186
5569
1987
2875
2456
2035
5263
2413
1892
6006
4801
2126
1897
2903
5721
5485
4113
2061
1988
3881
6708
5329
2791
2156
3091
6461
5674
2201
6005
5267
6773
1716
3812
1762
6385
2366
5568
1618
2937
3363
6266
5266
1651
4326
6296
1758
2449
4843
4862
1769
2310
5798
2605
3803
1591
5286
4628
1639
1650
1586
5164
3267
5469
3227
4524
6219
5377
2772
5947
2370
1710
2629
3253
4396
1598
1763
1777
1606
1619
6442
1420
1305
6687
3239
3436
5189
1389
3820
3006
1537
1405
3117
2510
5791
2698
3655
1499
1398
5900
1352
5917
1485
4768
3810
3813
4296
4748
5818
6492
3861
6686
1422
2353
1462
3993
1497
1368
1308
2588
1482
1314
2460
4773
4202
1493
3867
3640
1506
1344
2706
3023
3320
5168
4322
6392
4456
5047
5005
5409
3213
3310
3152
6347
6380
3295
3599
4443
2386
4495
4539
5365
3230
3153
3414
1721
4196
119
4307
4856
4297
4869
4406
4900
3311
4857
6757
6257
5177
3139
3075
6667
4956
4331
4963
3258
2322
6289
3345
4284
3135
1225
2034
2986
1283
3614
2561
2704
2904
1330
1441
1242
2812
2600
5755
1238
3645
3950
5907
5880
1149
3957
2403
5551
1205
3979
4948
5874
3083
1243
4691
5762
1218
5133
1227
3190
1163
5889
3829
2017
5556
1159
1858
1200
5881
5754
2408
5899
2382
3948
4866
4921
5645
4686
6653
4514
1098
1141
3863
3927
4754
1101
1144
1010
6514
3055
5870
1009
1081
6535
6491
3840
1031
6497
5858
3560
3932
6400
3663
5320
971
907
5863
3051
1197
5876
6504
6488
1024
2869
1103
4598
1067
4247
6630
6628
6499
911
1013
2250
4610
3358
6550
6556
6545
6529
1045
5268
6517
806
4643
770
865
888
1051
873
802
4699
767
878
4689
2559
5843
772
785
933
792
956
5632
3593
2952
6679
899
4637
6088
3914
2894
5841
4671
961
3905
5506
4361
3163
4668
4617
5183
6555
936
939
849
